0,0.8532,0.8532,0.8532,0.8532,0.8532,
1,0.8532,0.8532,0.8532,0.8532,0.8532,
2,0.8532,0.8532,0,0,0.8532,0.8532,0.8532,0.8532,0.8532,
1,0.8532,0.8532,0.8532,0.8532,0.8532,
2,0.8532,0.8532,0.8532,0.8532,0.8532,
3,0.8532,0.8532,0.8532,0.8532,0.8532,
4,0,0.8532,0.8532,0.8532,0.8532,0.8532,
1,0.8532,0.8532,0.8532,0.8532,0.8532,
2,0.8532,0.8532,0.8532,0.8532,0.8532,
3,0.8532,0,0.8532,0.8532,0.8532,0.8532,0.8532,
1,0.8532,0.8532,0.8532,0,0.8532,0.8532,0.8532,0.8532,0.8532,
1,0.8532,0.8532,0.8532,0.8532,0.8532,
2,0.8532,0.8532,0.8532,0.8532,0.8532,
3,0.8532,0.8532,