Epoch, 4-bit, 8-bit, 12-bit, 16-bit, 32-bit
0,0.5161,0.7729,0.8372,0.8463,0.8567,
1,0.5149,0.7511,0.8429,0.8509,0.8498,
2,0.5344,0.7810,Epoch, 4-bit, 8-bit, 12-bit, 16-bit, 32-bit
0,Epoch, 4-bit, 8-bit, 12-bit, 16-bit, 32-bit
0,0.5252,0.7695,0.8475,0.8463,0.8498,
1,0.5206,0.7454,0.8486,0.8394,0.8452,
2,0.5413,0.7706,0.8417,0.8383,0.8498,
3,0.5252,0.7741,0.8326,0.8521,0.8360,
4,Epoch, 4-bit, 8-bit, 12-bit, 16-bit, 32-bit
0,0.5115,0.7741,0.8498,0.8440,0.8440,
1,0.5115,0.7741,0.8498,0.8440,0.8440,
2,0.5115,0.7741,0.8498,0.8440,0.8440,
3,0.5115,Epoch, 4-bit, 8-bit, 12-bit, 16-bit, 32-bit
0,0.7511,0.8555,0.8521,0.8521,0.8498,
1,0.7511,0.8555,0.8521,Epoch, 4-bit, 8-bit, 12-bit, 16-bit, 32-bit
0,0.7511,0.8555,0.8521,0.8521,0.8498,
1,0.7511,0.8555,0.8521,0.8521,0.8498,
2,0.7511,0.8555,0.8521,0.8521,0.8498,
3,0.7511,0.8555,